Results for 5 Clusters:

[[ -7.39415244e+01   4.07511576e+01  -7.39406402e+01   4.07505025e+01
    1.34654320e+00   1.25747424e+00   6.75950862e+00   3.57503285e-01
    5.71361963e-01   1.07845836e-03   8.47013331e+00   1.59421573e+00
    1.01740287e+00]
 [ -7.39578425e+01   4.07393045e+01  -7.39580420e+01   4.07377114e+01
    1.37047664e+00   7.65579576e+00   2.72319312e+01   3.07080003e-01
    3.49266733e+00   5.25273441e-01   3.23357148e+01   1.28510014e+00
    1.02682110e+00]
 [ -7.39599433e+01   4.07399428e+01  -7.39593113e+01   4.07364844e+01
    1.35730393e+00   3.62920091e+00   1.48579934e+01   3.57119492e-01
    1.57042660e+00   7.51654684e-02   1.76427396e+01   1.40723676e+00
    1.02206942e+00]
 [ -7.38152909e+01   4.06670949e+01  -7.38066464e+01   4.06574470e+01
    1.38868281e+00   1.41513529e+01   5.52401848e+01   3.51183651e-01
    6.98712619e+00   1.94131517e+00   6.52164760e+01   1.32676873e+00
    1.11283469e+00]
 [ -2.70146148e+01   1.49007638e+01  -3.16980125e+01   1.74790732e+01
    1.20827489e+00   1.60516480e+00   1.08492567e+01   2.53611501e-01
    1.01679173e+00   5.97826087e-02   1.27584958e+01   1.53681627e+00
    1.17812062e+00]]
LR: 0.846644 (0.000836)


Results for 25 Clusters:

[[ -7.39401473e+01   4.07421910e+01  -7.39382263e+01   4.07387904e+01
    1.35519668e+00   3.38717349e+00   1.41298093e+01   3.57641646e-01
    1.37980377e+00   3.81152111e-02   1.66851218e+01   1.42359257e+00
    1.02508120e+00]
 [ -7.39373416e+01   4.07347356e+01  -7.39246793e+01   4.07361780e+01
    1.37743873e+00   1.03845229e+01   3.53100431e+01   2.93392164e-01
    4.62641646e+00   8.54966243e-01   4.18520073e+01   1.25607357e+00
    1.03987029e+00]
 [ -7.39344460e+01   4.07490685e+01  -7.39329776e+01   4.07478982e+01
    1.35164421e+00   1.63990515e+00   8.30658580e+00   3.81439726e-01
    7.46827588e-01   1.15227009e-03   1.02213604e+01   1.52782308e+00
    1.01796599e+00]
 [ -7.28297831e+01   4.01689523e+01  -7.35205042e+01   4.05735419e+01
    1.29857820e+00   1.99825592e+01   1.29249953e+02   1.96682464e-01
    1.08991469e+01   4.02739336e+00   1.44823886e+02   1.39336493e+00
    1.40284360e+00]
 [ -2.98427949e-13   3.30193425e-02  -7.39183787e+01   4.07600388e+01
    1.20421394e+00   1.24779579e+00   1.23240600e+01   2.24878444e-01
    1.30952998e+00   2.69367909e-02   1.43390519e+01   1.36709887e+00
    1.41247974e+00]
 [ -7.39403642e+01   4.07445012e+01   7.38964445e-13   8.02913291e-13
    1.26206244e+00   2.14349101e+00   1.25836802e+01   3.10785241e-01
    8.29044465e-01   1.90596026e-01   1.46332167e+01   1.72280038e+00
    1.00567644e+00]
 [ -7.31722064e+01   4.03504244e+01  -7.38653652e+01   4.07470235e+01
    1.35294118e+00   1.83565686e+01   2.26126373e+02   8.82352941e-02
    1.55977451e+01   1.80784314e+00   2.43861373e+02   1.47058824e+00
    1.67647059e+00]
 [ -7.39514153e+01   4.07332479e+01  -7.39580896e+01   4.07308806e+01
    1.37793976e+00   4.22957308e+00   1.68620043e+01   3.54818497e-01
    3.90995530e+00   2.78890722e-01   2.22007939e+01   1.00472033e+00
    1.00582731e+00]
 [ -7.39486562e+01   4.07412039e+01  -7.38799785e+01   4.06891422e+01
    1.35891698e+00   1.66533699e+01   5.63488834e+01   4.17431193e-01
    8.31658760e+00   2.58928843e+00   6.83623383e+01   1.21705079e+00
    1.12709778e+00]
 [ -7.39353933e+01   4.07588349e+01  -7.39351966e+01   4.07588784e+01
    1.33206562e+00   6.22399252e-01   3.96381039e+00   2.96493005e-01
    1.79585551e-01   1.73042902e-03   5.20010482e+00   1.79800491e+00
    1.02101079e+00]
 [ -7.39434138e+01   4.07431675e+01  -7.39482658e+01   4.07396727e+01
    1.36907107e+00   6.27948629e+00   2.30493120e+01   3.18163737e-01
    2.69487271e+00   3.25951470e-01   2.71727351e+01   1.30311411e+00
    1.01899909e+00]
 [ -7.39366215e+01   4.07453031e+01  -7.39345124e+01   4.07425983e+01
    1.34940763e+00   2.41605228e+00   1.09623913e+01   3.67568263e-01
    1.09475624e+00   5.20656790e-03   1.32118071e+01   1.45365685e+00
    1.02239428e+00]
 [  3.83693077e-13  -5.54223334e-13   6.82121026e-13   2.84217094e-13
    1.13287905e+00   1.60998296e+00   7.24572402e+00   2.03236797e-01
    7.42231687e-01   2.90971039e-02   8.80011925e+00   1.55366269e+00
    1.00851789e+00]
 [ -7.39421282e+01   4.07424772e+01  -7.39438468e+01   4.07421324e+01
    1.36602905e+00   7.97474932e+00   2.82824188e+01   2.99295268e-01
    3.65315749e+00   6.15466705e-01   3.36287994e+01   1.26155616e+00
    1.02629081e+00]
 [ -7.39341310e+01   4.07335872e+01  -7.38932246e+01   4.07144427e+01
    1.39514053e+00   1.19546999e+01   4.62629352e+01   3.36250386e-01
    4.36980233e+00   9.81982910e-01   5.26864903e+01   1.39452280e+00
    1.07834860e+00]
 [ -1.15167080e+02   3.61124146e+01  -1.15168365e+02   3.61125928e+01
    1.00000000e+00   3.02661871e+00   1.43794964e+01   2.87769784e-01
    1.13248201e+00  -1.94289029e-16   1.72402158e+01   1.67625899e+00
    1.00000000e+00]
 [ -7.39325981e+01   4.07481347e+01  -7.39302272e+01   4.07427430e+01
    1.34866858e+00   5.04085031e+00   1.92654890e+01   3.39771638e-01
    2.03724632e-01   6.12714089e-02   2.06430429e+01   1.74059257e+00
    1.03002459e+00]
 [ -7.38965770e+01   4.07144599e+01  -7.39081188e+01   4.06894119e+01
    1.71428571e+00   3.68595238e+01   4.03333333e+02   7.14285714e-02
    3.99652381e+01   4.55666667e+00   4.48193333e+02   1.23809524e+00
    1.66666667e+00]
 [ -7.30071112e+01   4.02442440e+01  -7.39005038e+01   4.07376254e+01
    1.28484848e+00   6.15151515e-02  -7.29378788e+01  -3.27272727e-01
    4.88498131e-15  -2.14121212e-01  -7.39065455e+01   3.18181818e+00
    1.45454545e+00]
 [ -7.38917618e+01   4.06424713e+01  -7.39502411e+01   4.06540642e+01
    1.00000000e+00   2.35500000e+02   9.33500000e+02   0.00000000e+00
    1.86860000e+02   0.00000000e+00   1.12116000e+03   1.00000000e+00
    1.00000000e+00]
 [ -7.39159431e+01   4.07242470e+01  -7.38969078e+01   4.06675224e+01
    2.00000000e+00   8.30000000e+00   2.67500000e+01   5.00000000e-01
    0.00000000e+00   7.28870000e+02   7.56920000e+02   3.00000000e+00
    1.00000000e+00]
 [ -7.35004395e+01   4.04966969e+01  -7.38360011e+01   4.06473651e+01
    1.45257903e+00   1.95903078e+01   8.12657987e+01   2.13810316e-01
    9.76133111e+00   4.47693012e+00   9.62211148e+01   1.29118136e+00
    1.23627288e+00]
 [ -7.37705158e+01   4.06017638e+01  -7.39357868e+01   4.06896845e+01
    1.34505495e+00   3.04531868e+00   1.09632967e+01   3.89010989e-01
    4.21092527e+01   1.75252747e-01   5.43750549e+01   1.00000000e+00
    1.07032967e+00]
 [ -7.39356078e+01   4.07519399e+01  -7.39350264e+01   4.07518338e+01
    1.35093821e+00   1.01852577e+00   6.03009499e+00   3.68867789e-01
    5.16647212e-01   7.52496770e-04   7.70518721e+00   1.57446014e+00
    1.01367020e+00]
 [ -7.38798697e+01   4.07122163e+01  -7.38685568e+01   4.07087250e+01
    1.63888889e+00   7.34166667e+00   3.51250000e+01   1.25000000e-01
    1.38985000e+02   5.77777778e-02   1.74878889e+02   1.00000000e+00
    1.25000000e+00]]



    Results for 100 Clusters.

List of Centroids :
[[ -73.92650899   40.75505685  -73.92391146 ...,   10.83817118
     1.85676118    1.0509511 ]
 [ -73.95077716   40.73444368  -73.95527214 ...,   36.16808236    1.
     1.01427591]
 [ -73.93226081   40.748102    -73.92763371 ...,   18.088116      1.7968081
     1.0238744 ]
 ..., 
 [ -73.9511391    40.73526867  -73.96008899 ...,   24.70996276    1.
     1.00848217]
 [ -74.00225744   40.64303213  -74.01067513 ...,   89.61633803    1.
     1.14084507]
 [ -73.93297672   40.77500582  -73.84427834 ...,  279.5525        1.75
     1.        ]]
[ -7.39265090e+01   4.07550568e+01  -7.39239115e+01   4.07539193e+01
   1.12880769e+00   2.00847354e+00   9.70412331e+00   3.56563623e-01
   1.85965870e-02   8.69254360e-05   1.08381712e+01   1.85676118e+00
   1.05095110e+00]
[ -7.39507772e+01   4.07344437e+01  -7.39552721e+01   4.07410225e+01
   1.37940975e+00   8.20740426e+00   2.89258723e+01   2.98627316e-01
   6.14885518e+00   6.50514756e-03   3.61680824e+01   1.00000000e+00
   1.01427591e+00]
[ -7.39322608e+01   4.07481020e+01  -7.39276337e+01   4.07439993e+01
   1.13710480e+00   4.29621816e+00   1.68637075e+01   3.52731283e-01
   8.74274469e-02   3.62614074e-03   1.80881160e+01   1.79680810e+00
   1.02387440e+00]
[ -7.38433531e+01   4.07672328e+01  -7.38460569e+01   4.07722783e+01
   1.28000000e+00   5.52733333e+00   1.38595733e+02   8.66666667e-02
   2.76973333e+00   6.92133333e-01   1.42304267e+02   1.49333333e+00
   1.80000000e+00]
[-73.97776389  40.76431306 -73.86931551  40.67031708   1.32448378
  17.84295723  52.57738201   0.56747788  12.27548673   4.38130531
  70.57522861   1.00516224   1.03023599]
[ -7.39324441e+01   4.07577859e+01  -7.39321254e+01   4.07579270e+01
   1.11541640e+00   8.20059191e-01   5.25600448e+00   3.54306551e-01
   1.70784869e-03   2.62380431e-05   6.41049563e+00   1.89894221e+00
   1.00158048e+00]
[  1.15107923e-12   4.49733650e-02  -7.39182285e+01   4.07652328e+01
   1.20971302e+00   7.55894040e-01   7.67970199e+00   2.31236203e-01
   7.20684327e-01   2.09554596e-15   9.10513245e+00   1.41390728e+00
   1.38079470e+00]
[ -7.39350272e+01   4.07484029e+01  -7.39344439e+01   4.07394512e+01
   1.37162304e+00   7.41448377e+00   2.70405141e+01   3.31623037e-01
   3.40236649e-01   1.63916230e-02   2.85015089e+01   1.66586387e+00
   1.03371728e+00]
[ -7.39358761e+01   4.07496613e+01   1.08002496e-12   4.54747351e-13
   1.21021898e+00   7.63649635e-01   6.25094891e+00   3.24817518e-01
   3.30218978e-01   1.61751825e-02   7.62376642e+00   1.80437956e+00
   1.00583942e+00]
[ -73.86050796   40.7523009   -73.83876165   40.74339867    2.
    1.32666667  400.83333333    0.           81.25          0.
  482.08333333    1.            2.        ]
[-73.92827004  40.73647004 -73.89982763  40.71614332   1.42034269
  14.18071819  45.28052133   0.32118119   0.63698505   1.00796938
  47.9911338    1.63142545   1.0674444 ]
[  7.10542736e-14   3.55271368e-14  -1.56319402e-13   4.97379915e-14
   1.21153846e+00   5.88009615e+00   2.32615385e+01   3.75000000e-01
   2.83750000e+00   1.16153846e-01   2.74272115e+01   1.33653846e+00
   1.00000000e+00]
[ -7.38816518e+01   4.07018143e+01  -7.38819833e+01   4.07013295e+01
   1.09090909e+00   7.36363636e-02  -8.56500000e+01   1.66533454e-16
   0.00000000e+00  -1.60590909e+00  -8.72968182e+01   3.22727273e+00
   1.86363636e+00]
[ -7.39473190e+01   4.07370403e+01  -7.39469982e+01   4.07327851e+01
   1.13497476e+00   2.34304570e+00   1.06568648e+01   3.84450200e-01
   2.44192971e+00   1.44167596e-02   1.42936289e+01   1.00160645e+00
   1.00491771e+00]
[-73.93541702  40.72038475 -73.93770271  40.72166849   1.41121495
   3.95336449  17.71347664   0.3635514   12.17076636   0.19566355
  31.20028037   1.           1.04859813]
[ -7.39462829e+01   4.07219054e+01  -7.39241044e+01   4.07316066e+01
   1.37728027e+00   1.04057297e+01   3.58319458e+01   2.79021559e-01
   7.45831951e+00   2.18242123e-02   4.43656827e+01   1.00000000e+00
   1.03150912e+00]
[ -7.00049960e+01   3.86375556e+01  -7.38725245e+01   4.07854789e+01
   1.31578947e+00   5.04578947e+00   3.00736842e+02   5.26315789e-02
   5.52631579e+00   1.09631579e+00   3.07580526e+02   1.68421053e+00
   1.78947368e+00]
[-73.9181013   40.75071596 -73.95375462  40.72755591   1.47058824
  25.5639916   88.41214286   0.27731092   1.2144958    4.07890756
  94.54630252   1.6092437    1.17226891]
[ -7.39462097e+01   4.07393401e+01  -7.39458287e+01   4.07372083e+01
   1.12425102e+00   1.56332468e+00   7.98189359e+00   3.95128932e-01
   1.91737588e+00   2.95527498e-03   1.10953582e+01   1.00034774e+00
   1.00224695e+00]
[ -7.39514953e+01   4.07366829e+01  -7.39606442e+01   4.07351244e+01
   1.36430121e+00   5.77373543e+00   2.14698296e+01   3.17126095e-01
   4.54429639e+00   8.36936430e-03   2.71369453e+01   1.00000000e+00
   1.00321466e+00]
[ -7.38693161e+01   4.07342873e+01  -7.38220291e+01   4.05824051e+01
   1.00000000e+00   1.17000000e+01   3.70000000e+01   5.00000000e-01
   0.00000000e+00   9.02170000e+02   9.40470000e+02   4.00000000e+00
   1.00000000e+00]
[ -7.39273415e+01   4.07661898e+01  -7.39275561e+01   4.07663616e+01
   1.42273236e+00   3.31567749e-01  -3.81332027e+00  -3.85498320e-01
  -2.77659574e-02  -1.42941214e-15  -5.00956327e+00   3.20772676e+00
   1.02071669e+00]
[ -73.85195245   40.72096337  -73.81803979   40.69313812    1.77777778
   13.09666667   85.11111111    0.33333333   76.47555556    0.23111111
  162.68444444    1.            1.33333333]
[ -73.79278565   40.70786285  -73.78967285   40.69811249    1.5           5.74
   42.5           0.          400.            0.          442.5           1.
    2.        ]
[ -7.39507051e+01   4.07340081e+01  -7.39551487e+01   4.07305197e+01
   1.13808882e+00   3.81326799e+00   1.55376606e+01   3.46883730e-01
   3.33560351e+00   5.42866776e-03   2.00207360e+01   1.00000000e+00
   1.00577979e+00]
[ -7.39365657e+01   4.06955378e+01  -7.39357442e+01   4.06946757e+01
   1.38768116e+00   1.12083333e+00   4.65851449e+00   3.94927536e-01
   2.51372826e+01   6.15942029e-02   3.10182609e+01   1.00000000e+00
   1.03985507e+00]
[-73.93164545  40.74729764 -73.9277492   40.74137917   1.33763743
   8.73795449  30.01155331   0.3214651    0.38818844   0.47686014
  31.96746101   1.65673741   1.0375863 ]
[-73.93920623  40.72668409 -73.90340061  40.72292925   1.35443038
  11.81332778  39.01576949   0.2766489    8.48780813   1.0348934
  49.59809793   1.           1.01965356]
[ -1.15167080e+02   3.61124146e+01  -1.15168365e+02   3.61125928e+01
   1.00000000e+00   3.02661871e+00   1.43794964e+01   2.87769784e-01
   1.13248201e+00  -1.94289029e-16   1.72402158e+01   1.67625899e+00
   1.00000000e+00]
[ -7.39298873e+01   4.07503481e+01  -7.39256758e+01   4.07482778e+01
   1.13052511e+00   2.98588197e+00   1.30122852e+01   3.48358527e-01
   7.24746467e-02   1.47390865e-03   1.42089274e+01   1.79454938e+00
   1.03173605e+00]
[ -7.39168071e+01   4.07085834e+01  -7.39205055e+01   4.07077653e+01
   1.44444444e+00   1.26244444e+00   6.89482222e+01   1.74603175e-02
   3.63120635e+00   4.92095238e-01   7.31496190e+01   1.35555556e+00
   1.91111111e+00]
[ -7.38917618e+01   4.06424713e+01  -7.39502411e+01   4.06540642e+01
   1.00000000e+00   2.35500000e+02   9.33500000e+02   0.00000000e+00
   1.86860000e+02   0.00000000e+00   1.12116000e+03   1.00000000e+00
   1.00000000e+00]
[ -7.38752905e+01   4.07749386e+01  -7.38258226e+01   4.07595153e+01
   1.32653061e+00   9.86734694e+00   1.96092857e+02   8.16326531e-02
   2.08183673e+00   8.43469388e-01   1.99279388e+02   1.57142857e+00
   1.77551020e+00]
[-73.94917969  40.72390398 -73.96493663  40.70215193   1.43425076
  21.32553517  72.12844037   0.25382263  16.44657492   5.6648318
  95.1135474    1.           1.05504587]
[ -7.39292526e+01   4.07573679e+01  -7.39282854e+01   4.07573742e+01
   1.12025971e+00   1.18296703e+00   6.71274759e+00   3.72542369e-01
   3.12326378e-03   2.73488812e-05   7.86530816e+00   1.88855869e+00
   1.02852251e+00]
[ -7.38382339e+01   4.07438800e+01  -7.38378754e+01   4.07438749e+01
   1.66666667e+00   3.33333333e-02  -2.83333333e+02   0.00000000e+00
   0.00000000e+00   0.00000000e+00  -2.83333333e+02   3.00000000e+00
   2.00000000e+00]
[ -7.39313068e+01   4.07460111e+01  -7.39298031e+01   4.07450984e+01
   5.17343705e+00   1.38652910e+00   7.31013397e+00   4.15730337e-01
   6.62850043e-01  -1.71668235e-14   9.18290910e+00   1.53903774e+00
   1.00727456e+00]
[ -7.39356983e+01   4.07624985e+01  -7.39356533e+01   4.07625806e+01
   1.10567583e+00   4.47695323e-01   3.74536185e+00   2.65655357e-01
   3.76250694e-02   1.25537746e-03   4.84649598e+00   1.90660561e+00
   1.00326117e+00]
[ -7.39468208e+01   4.07467981e+01  -7.39468002e+01   4.07466864e+01
   1.11762444e+00   6.07587472e-01   4.36225016e+00   3.21626098e-01
   1.18748957e+00   5.80284523e-04   6.67067434e+00   1.00014788e+00
   1.00139008e+00]
[ -7.39340395e+01   4.07486924e+01  -7.39332096e+01   4.07420950e+01
   1.33256966e+00   5.79844768e+00   2.14264539e+01   3.40619195e-01
   2.85993189e-01   8.34427245e-03   2.28452372e+01   1.68668731e+00
   1.01944272e+00]
[-73.92612994  40.73313934 -73.89071846  40.72276149   1.35162095
  22.32917706  72.68391521   0.26433915   1.33301746   2.57359102
  77.5394015    1.6084788    1.10224439]
[ -7.39508590e+01   4.07349778e+01  -1.84741111e-13  -2.27373675e-13
   1.33435583e+00   4.09598160e+00   2.11151840e+01   2.92944785e-01
   1.60389571e+00   2.75889571e-01   2.40511043e+01   1.56441718e+00
   1.00306748e+00]
[ -7.39485281e+01   4.07352484e+01  -7.39484612e+01   4.07308736e+01
   1.12592027e+00   2.80821934e+00   1.21556349e+01   3.72286859e-01
   2.71471524e+00   2.37844745e-02   1.60624696e+01   1.00225062e+00
   1.00476826e+00]
[ -7.39335081e+01   4.07358517e+01  -8.52651283e-14   3.55271368e-14
   1.58333333e+00   9.29541667e+00   4.82500000e+01   2.60416667e-01
   3.24354167e+00   2.35291667e+00   5.47693750e+01   1.60416667e+00
   1.02083333e+00]
[ -7.39515316e+01   4.07340612e+01  -7.39587424e+01   4.07307448e+01
   1.14801806e+00   4.40407314e+00   1.74455344e+01   3.52121313e-01
   3.70341194e+00   3.12984334e-03   2.23011312e+01   1.00000000e+00
   1.00362379e+00]
[-73.94069972  40.72508765 -73.88193653  40.70650809   1.41288783
  13.68194749  43.54835322   0.29379475   9.64036754   0.96092124
  55.23274463   1.           1.01288783]
[ -7.39498566e+01   4.07375638e+01  -7.39601197e+01   4.07392985e+01
   1.36354526e+00   7.27161341e+00   2.61622459e+01   3.03028616e-01
   5.51725309e+00   5.54949337e-03   3.27839461e+01   1.00000000e+00
   1.00478789e+00]
[ -7.39337222e+01   4.07439600e+01  -7.39310430e+01   4.07418227e+01
   5.16974364e+00   2.18523789e+00   1.01395147e+01   3.89492563e-01
   9.38851145e-01   3.21236417e-03   1.22616078e+01   1.48412280e+00
   1.01160460e+00]
[-73.92703096  40.73740561 -73.91156781  40.72700846   1.37623762
  11.39467419  39.12160258   0.30301635   0.39364725   0.64895694
  41.19968915   1.65691918   1.08197099]
[ -7.39278944e+01   4.07517232e+01  -7.39242709e+01   4.07501979e+01
   1.12761673e+00   2.51172007e+00   1.12858241e+01   3.55598584e-01
   5.35757911e-02   3.37242753e-04   1.24563182e+01   1.81876521e+00
   1.04835141e+00]
[ -73.93035104   40.74854914  -74.06787865   40.71381703    1.51428571
   23.84819048   88.6052381     0.23809524   20.77642857    9.91538095
  119.99752381    1.0047619     1.10952381]
[ -7.39465924e+01   4.07403051e+01  -7.39468784e+01   4.07368163e+01
   1.12088748e+00   1.91459111e+00   9.27421250e+00   3.79645129e-01
   2.14395532e+00   2.57601120e-03   1.25951815e+01   1.00027391e+00
   1.00648264e+00]
[ -73.89918276   40.74356698  -72.984928     40.3007085     1.28235294
   31.80694118  113.50541176    0.25882353    2.77070588    3.78176471
  121.03317647    1.65882353    1.08235294]
[-73.91993543  40.74551815 -73.89253411  40.70704723   1.37626263
  18.45704545  61.60141414   0.27083333   0.74945707   1.82361111
  65.07536616   1.65277778   1.2020202 ]
[ -7.25801412e+01   3.99564917e+01  -7.39151860e+01   4.06910859e+01
   1.20000000e+00   3.28818182e+00   1.09272727e+01   3.63636364e-01
   6.17529091e+01  -1.38777878e-16   7.38056364e+01   1.00000000e+00
   1.03636364e+00]
[ -7.39625702e+01   4.07142067e+01  -7.39717865e+01   4.07526398e+01
   3.00000000e+00   4.90000000e+00   1.65000000e+01   5.00000000e-01
   0.00000000e+00   5.55570000e+02   5.73370000e+02   2.00000000e+00
   1.00000000e+00]
[ -7.39337979e+01   4.07478080e+01  -7.39334559e+01   4.07411351e+01
   1.38356783e+00   6.53720111e+00   2.40819442e+01   3.25859604e-01
   2.95436009e-01   1.04898051e-02   2.54735295e+01   1.67158227e+00
   1.04958242e+00]
[-73.94241526  40.76370468 -73.93208445  40.76360547   1.40453461
   7.07221559  24.16825776   0.21797932   5.80831742   5.63425617
  36.62566826   1.0071599    1.00318218]
[  1.42108547e-14  -7.10542736e-15  -7.39316384e+01   4.06921163e+01
   1.14285714e+00   3.35714286e+00   1.05428571e+02   0.00000000e+00
   9.37142857e+00   1.78571429e+00   1.16628571e+02   1.28571429e+00
   2.00000000e+00]
[-73.94085903  40.75889878 -73.94476226  40.76415356   1.43406138
   5.79194913  20.28253801   0.23113077   2.67731822   5.61016865
  29.59651092   1.33674316   1.00525297]
[ -7.39391481e+01   4.07387942e+01  -7.39360212e+01   4.07351205e+01
   5.21249819e+00   3.16056994e+00   1.32811804e+01   3.93750904e-01
   1.43499928e+00   1.35512802e-02   1.59176378e+01   1.38955591e+00
   1.00708809e+00]
[ -4.26325641e-14   2.84217094e-14  -7.38879951e+01   4.07250415e+01
   1.32307692e+00   2.66553846e+00   5.05153846e+01   1.23076923e-01
   3.51476923e+00   3.40923077e-01   5.47156923e+01   1.27692308e+00
   1.72307692e+00]
[ -7.38772388e+01   4.07148759e+01  -7.38619385e+01   4.07199209e+01
   1.18750000e+00   4.87500000e-02  -1.87940625e+02   1.11022302e-16
   0.00000000e+00   0.00000000e+00  -1.87990625e+02   3.18750000e+00
   1.93750000e+00]
[ -7.39216293e+01   4.05530609e+01  -7.39220398e+01   4.05388191e+01
   1.00000000e+00   1.02826000e+02   3.29300000e+02   2.00000000e-01
   6.07580000e+01   1.06140000e+01   4.01352000e+02   1.00000000e+00
   1.40000000e+00]
[-73.94616713  40.7198491  -73.86818265  40.69039034   1.39721254
  14.78735889  49.57583972   0.29616725  11.02710801   0.7955331
  62.44391638   1.           1.06132404]
[ -7.39315298e+01   4.07478951e+01  -7.39285278e+01   4.07423245e+01
   1.13983838e+00   4.88048487e+00   1.90981162e+01   3.45605581e-01
   1.16123576e-01   4.69005672e-03   2.03224836e+01   1.77719219e+00
   1.04432063e+00]
[ -7.39316611e+01   4.07507709e+01  -7.39311087e+01   4.07507412e+01
   5.18799477e+00   7.42869829e-01   4.93878709e+00   3.73614649e-01
   3.31230123e-01   3.81358849e-04   6.44081916e+00   1.66737799e+00
   1.00399257e+00]
[ -7.39506997e+01   4.07322827e+01  -7.39515549e+01   4.07282800e+01
   1.14446148e+00   3.27467656e+00   1.37687966e+01   3.72446231e-01
   3.02564626e+00   2.21043471e-03   1.79631652e+01   1.00000000e+00
   1.00729352e+00]
[-73.93321274  40.76281064 -73.93166043  40.7635447    1.39001122
   9.18705948  30.39560045   0.25224467   6.74326038   5.94488777
  44.13038159   1.02637486   1.00505051]
[ -73.92091154   40.70271409  -73.92452768   40.70187329    1.28205128
    4.60820513   15.93589744    0.24358974  100.35333333    0.26923077
  117.53538462    1.            1.05128205]
[ -7.39231143e+01   4.07372275e+01  -7.39231975e+01   4.07370065e+01
   1.37573386e+00   5.43659491e-01   5.19298761e+01   5.36529680e-01
   4.96079583e-01   4.69797782e-02   5.35789367e+01   1.82648402e+00
   1.28375734e+00]
[ -7.39459948e+01   4.07413853e+01  -7.39456140e+01   4.07404995e+01
   1.12480198e+00   1.20661813e+00   6.73342961e+00   3.97376359e-01
   1.66743126e+00   1.12736269e-03   9.59435820e+00   1.00013021e+00
   1.00609796e+00]
[ -7.39275919e+01   4.07550755e+01  -7.39258317e+01   4.07546164e+01
   1.12100614e+00   1.60135074e+00   8.18888645e+00   3.74268628e-01
   1.37193828e-02   2.39488327e-04   9.36768069e+00   1.87654162e+00
   1.01140079e+00]
[ -7.39137573e+01   4.07101040e+01  -7.38881588e+01   4.07862768e+01
   1.25000000e+00   8.05150000e+01   5.16125000e+02   1.25000000e-01
   1.25000000e+01   1.26750000e+01   5.42225000e+02   1.50000000e+00
   1.00000000e+00]
[ -7.39485696e+01   4.07307765e+01  -7.39442779e+01   4.07414172e+01
   1.37659176e+00   9.26613296e+00   3.21584906e+01   2.88483146e-01
   6.75453184e+00   9.23970037e-03   3.99991348e+01   1.00000000e+00
   1.01385768e+00]
[ -73.90478191   40.72102842  -73.8709938    40.75269594    1.225        38.018
  150.4875        0.2875       23.6835        8.391       183.532         1.15
    1.1       ]
[ -73.97257996   40.68765545  -73.91092427   40.69366137    1.41666667
    7.65583333  248.695         0.            6.25          0.
  255.03666667    1.66666667    1.83333333]
[ -7.38896896e+01   4.07965630e+01  -7.38896820e+01   4.07965752e+01
   2.20000000e+00   2.80000000e-01   3.90000000e+02   0.00000000e+00
   1.40000000e+01   0.00000000e+00   4.04000000e+02   1.20000000e+00
   2.00000000e+00]
[-73.95264593  40.74659467 -73.97011085  40.75305378   1.39315068
   3.74842808  14.18910959   0.22140411   2.40982534   5.62709589
  23.24541438   1.27260274   1.00239726]
[ -3.41060513e-13  -1.77635684e-13  -7.39256610e+01   4.07501860e+01
   1.15849057e+00   2.57241509e+00   1.97984151e+01   2.26415094e-01
   2.82475472e+00   4.18113208e-02   2.33306415e+01   1.22641509e+00
   1.44905660e+00]
[ -7.39508228e+01   4.07378494e+01  -7.39598614e+01   4.07383364e+01
   1.35923898e+00   6.48603249e+00   2.36835412e+01   3.11271650e-01
   5.00678812e+00   8.60988962e-03   2.98029597e+01   1.00000000e+00
   1.00861527e+00]
[-73.93482258  40.75395504 -73.86585591  40.69684088   1.37978723
  17.15747872  52.24442021   0.44601064   0.89287234   2.53404255
  56.88383511   1.62287234   1.03829787]
[ -7.39321684e+01   4.07491684e+01  -7.39272519e+01   4.07462746e+01
   1.13666814e+00   3.61629476e+00   1.48679114e+01   3.52790152e-01
   8.26089026e-02   4.92331758e-03   1.60666008e+01   1.79107015e+00
   1.05175638e+00]
[ -7.39027908e+01   4.07213834e+01  -7.39040917e+01   4.07211041e+01
   1.48214286e+00   3.73214286e-02  -2.36828571e+01  -7.14285714e-02
  -1.78571429e-01  -1.38777878e-16  -2.40275000e+01   3.33928571e+00
   1.71428571e+00]
[ -1.84741111e-13  -4.90274488e-13   9.94759830e-14   3.55271368e-14
   1.11594203e+00   6.90538302e-01   3.79718427e+00   1.66252588e-01
   2.91076605e-01   1.03519669e-02   4.78931677e+00   1.60041408e+00
   1.01035197e+00]
[ -7.39132139e+01   4.07339430e+01  -7.39124210e+01   4.07336737e+01
   1.51908397e+00   2.02519084e+00   9.43332824e+01   1.52671756e-02
   3.68717557e+00   2.67328244e-01   9.83908397e+01   1.40458015e+00
   1.88549618e+00]
[ -7.20827544e+01   3.97386490e+01  -7.39145388e+01   4.07472632e+01
   1.30578512e+00   5.87603306e-02  -5.12446281e+01  -4.46280992e-01
   3.99680289e-15  -1.80411242e-16  -5.22595041e+01   3.14876033e+00
   1.28925620e+00]
[ -7.39301534e+01   4.07229172e+01  -7.39302916e+01   4.07225789e+01
   1.27419355e+00   1.12290323e+00   4.64969355e+00   3.43548387e-01
   1.13210000e+01   1.31774194e-02   1.70640323e+01   1.00483871e+00
   1.07903226e+00]
[ -7.39425039e+01   4.07364708e+01  -7.39433018e+01   4.07329376e+01
   5.25129088e+00   4.39096386e+00   1.72436274e+01   3.70804647e-01
   1.83482573e+00   6.10154905e-03   2.02496579e+01   1.35821859e+00
   1.00473322e+00]
[ -7.38837065e+01   4.06921544e+01  -7.39001985e+01   4.06820739e+01
   1.35294118e+00   1.63135294e+01   2.00205882e+02   8.82352941e-02
   6.38588235e+01   9.43529412e-01   2.65314118e+02   1.00000000e+00
   1.70588235e+00]
[ -7.39193209e+01   4.07865435e+01  -7.39172490e+01   4.07848901e+01
   1.18835275e+00   3.57502163e+00   2.88599002e-01   2.72878536e-02
   2.95174709e-03   6.27986689e-02   4.53104825e-01   2.05058236e+00
   1.78801997e+00]
[ -73.82386525   40.6854496   -73.78461965   40.70218595    2.66666667
    9.29         48.16666667    0.          216.16666667    0.          264.6
    1.            1.66666667]
[-73.93541416  40.69808146 -73.9371814   40.69841642   1.42756184
   5.26035336  24.88551237   0.33392226  22.14024735   0.25540636
  48.32780919   1.           1.09893993]
[-73.92864272  40.74211814 -73.92270194  40.73784965   1.38275978
   9.75373313  34.05154352   0.30668016   0.38901316   0.5195226
  36.00901653   1.64878543   1.07118758]
[-73.93817241  40.69323323 -73.94088285  40.69418212   1.37195122
   2.04060976   4.53231707   0.42682927  45.05585366   0.09780488
  50.84695122   1.           1.07926829]
[ -7.39453299e+01   4.07411905e+01  -7.39449973e+01   4.07408451e+01
   1.12045096e+00   9.06970260e-01   5.52337466e+00   3.89764800e-01
   1.44994536e+00   2.89194618e-03   8.16476080e+00   1.00034556e+00
   1.00136066e+00]
[-73.94608006  40.71771857 -73.90100099  40.69797615   1.29411765
  18.73784314  61.90882353   0.28976035  14.34834423   2.35084967
  79.60714597   1.           1.06971678]
[ -7.39511391e+01   4.07352687e+01  -7.39600890e+01   4.07332672e+01
   1.35107924e+00   5.01995655e+00   1.93839970e+01   3.48941452e-01
   4.17989863e+00   4.22177781e-03   2.47099628e+01   1.00000000e+00
   1.00848217e+00]
[-74.00225744  40.64303213 -74.01067513  40.64819277   1.54929577
  10.18859155  44.9056338    0.23239437  42.3815493    1.44464789
  89.61633803   1.           1.14084507]
[ -73.93297672   40.77500582  -73.84427834   40.7453537     1.75         78.83875
  264.3125        0.3125        7.3725        6.8175      279.5525        1.75
    1.        ]

    